31 2695 1 
23624026 4 14 35 37 61 83 98 99 101 159 164 179 195 208 224 230 254 263 276 277 278 293 312 332 348 364 389 392 397 416 437 438 444 454 456 480 563 576 590 594 606 613 618 620 656 670 678 679 710 721 736 738 743 760 765 798 804 809 811 813 837 851 914 915 927 952 972 974 982 1001 1017 1032 1041 1069 1074 1087 1091 1099 1100 1105 1124 1136 1175 1182 1205 1220 1225 1232 1247 1254 1280 1289 1296 1302 1308 1319 1320 1347 1348 1407 1429 1434 1490 1495 1507 1509 1510 1513 1524 1545 1551 1558 1578 1601 1604 1632 1634 1648 1668 1670 1689 1694 1696 1699 1702 1705 1740 1764 1784 1788 1817 1819 1835 1848 1851 1866 1869 1904 1916 1955 1957 1966 1996 2021 2022 2027 2068 2073 2075 2082 2083 2094 2103 2109 2120 2169 2183 2204 2224 2267 2269 2288 2305 2314 2322 2341 2375 2377 2385 2387 2412 2422 2487 2489 2503 2516 2519 2564 2577 2584 2588 2596 2602 2624 2636 2642 2654 2658 2663 2669 2691 
1607918 19 62 103 256 426 523 715 1410 1803 2058 2104 2681 2683 
25726688 17 25 39 50 59 84 86 88 95 102 114 125 131 153 168 223 273 300 321 329 331 334 345 351 365 377 400 410 411 423 443 515 518 520 528 553 561 566 588 596 604 605 630 634 648 664 671 677 686 719 720 741 746 752 763 775 793 825 827 847 909 918 930 939 956 961 973 989 991 996 1002 1020 1021 1031 1038 1048 1049 1054 1056 1064 1079 1095 1096 1109 1121 1129 1135 1137 1160 1163 1171 1178 1187 1226 1236 1278 1293 1313 1321 1342 1352 1359 1364 1369 1381 1383 1392 1414 1424 1433 1445 1457 1485 1519 1544 1565 1571 1573 1584 1587 1598 1626 1629 1652 1659 1660 1664 1733 1747 1758 1768 1796 1807 1808 1821 1829 1836 1839 1852 1881 1907 1908 1921 1923 1930 1945 1947 1949 1954 1963 1972 1973 1981 1983 1987 1991 2005 2036 2087 2092 2096 2100 2123 2134 2135 2136 2158 2161 2165 2215 2228 2249 2255 2275 2281 2285 2329 2350 2353 2373 2376 2378 2384 2403 2406 2419 2430 2449 2467 2469 2474 2493 2507 2546 2557 2562 2571 2594 2608 2613 2615 2617 2621 2631 2640 2666 2680 2682 
5689556 118 191 213 243 251 275 362 485 527 600 601 614 629 641 801 826 875 911 924 1018 1039 1070 1078 1185 1212 1249 1281 1367 1546 1622 1625 1642 1809 1812 1841 1985 1994 2240 2250 2326 2355 2468 2511 2545 2578 2687 
26221432 22 34 58 75 92 93 96 97 121 126 139 144 167 185 186 188 197 199 240 250 258 262 267 290 291 298 313 322 323 327 335 347 361 387 398 402 415 420 421 432 439 440 467 501 521 533 538 582 585 602 603 642 654 666 675 694 697 701 711 716 727 730 754 815 816 822 864 869 871 872 874 884 892 902 936 943 946 966 975 978 981 997 1042 1052 1053 1057 1063 1076 1081 1084 1098 1128 1131 1143 1147 1172 1179 1184 1198 1203 1242 1309 1323 1398 1438 1452 1461 1488 1493 1520 1521 1538 1547 1554 1567 1588 1609 1612 1613 1615 1617 1651 1656 1672 1674 1675 1707 1735 1751 1774 1779 1793 1820 1828 1833 1846 1861 1871 1873 1906 1918 1931 1935 1940 1952 1956 1967 1971 1986 2033 2039 2046 2054 2060 2081 2085 2093 2113 2131 2151 2156 2159 2170 2174 2180 2189 2190 2205 2209 2211 2212 2218 2220 2245 2294 2300 2315 2328 2345 2358 2360 2380 2398 2425 2439 2442 2459 2461 2465 2466 2496 2498 2500 2506 2523 2530 2542 2544 2560 2583 2586 2612 2648 2653 2671 2672 2673 2676 2686 2688 2693 2694 
13481774 11 23 26 79 89 109 148 151 165 170 226 266 282 285 305 371 376 388 424 435 453 491 517 526 574 610 645 652 653 660 693 713 723 778 779 795 824 882 885 935 942 950 1005 1013 1016 1067 1072 1086 1103 1114 1115 1134 1142 1217 1218 1223 1227 1300 1332 1339 1396 1442 1460 1533 1542 1566 1576 1577 1650 1673 1678 1847 1919 1929 1968 1969 1984 2012 2025 2048 2078 2097 2149 2229 2264 2266 2268 2272 2292 2317 2354 2363 2394 2409 2437 2445 2460 2464 2470 2478 2576 2580 2589 2590 2618 2644 2651 2667 2678 
742116 2 21 111 947 1355 1423 
42547984 12 27 28 41 47 51 63 64 67 71 82 90 94 100 112 120 123 135 137 143 145 156 158 161 175 182 189 215 227 233 235 242 259 284 286 288 307 308 337 343 349 353 354 355 359 360 366 368 378 379 386 393 396 404 408 409 419 422 425 446 451 463 465 469 471 475 476 477 481 482 489 497 498 505 506 508 510 514 525 543 549 551 555 568 571 575 586 599 609 611 616 619 627 631 637 657 668 691 702 703 706 708 724 755 757 769 773 792 799 802 814 819 830 839 842 854 855 860 865 877 883 895 896 900 920 937 949 953 955 957 959 976 992 1004 1008 1014 1015 1029 1033 1034 1044 1058 1083 1094 1101 1107 1108 1116 1118 1125 1127 1133 1150 1162 1197 1199 1214 1246 1265 1272 1273 1295 1306 1346 1349 1351 1365 1368 1382 1385 1391 1399 1408 1416 1435 1439 1441 1446 1462 1463 1469 1474 1477 1478 1496 1504 1508 1515 1522 1528 1530 1534 1550 1552 1553 1562 1563 1569 1574 1575 1597 1602 1607 1616 1619 1627 1635 1638 1641 1645 1653 1663 1667 1683 1686 1716 1718 1721 1725 1727 1731 1734 1737 1746 1750 1755 1760 1763 1767 1769 1771 1773 1790 1800 1804 1806 1811 1831 1843 1850 1884 1898 1903 1910 1912 1914 1917 1922 1927 1934 1948 1970 1974 1976 1988 1992 1995 2002 2009 2011 2016 2017 2018 2020 2028 2038 2040 2043 2044 2063 2065 2074 2086 2091 2101 2105 2108 2116 2119 2126 2129 2133 2137 2167 2182 2186 2195 2196 2217 2225 2227 2243 2259 2270 2273 2287 2297 2302 2307 2312 2316 2319 2347 2351 2357 2362 2382 2383 2392 2395 2396 2400 2402 2408 2413 2426 2429 2432 2434 2436 2443 2444 2463 2477 2484 2491 2513 2517 2533 2535 2539 2556 2568 2570 2572 2601 2616 2625 2635 2650 2662 2668 2679 2684 
15955494 30 45 46 78 80 115 136 152 160 174 234 257 301 304 316 394 412 442 484 488 507 529 535 560 569 573 578 617 622 633 707 714 722 772 806 843 853 870 876 904 906 908 913 960 979 986 999 1000 1027 1036 1051 1055 1068 1092 1112 1113 1173 1207 1234 1239 1261 1269 1282 1304 1307 1336 1341 1357 1378 1390 1409 1430 1444 1449 1535 1568 1608 1614 1628 1637 1666 1671 1680 1704 1717 1720 1724 1732 1752 1753 1765 1775 1777 1785 1830 1854 1862 1892 1896 1913 1915 1958 1982 2010 2062 2088 2147 2162 2168 2176 2185 2200 2226 2252 2256 2265 2277 2433 2481 2495 2512 2514 2526 2527 2600 2607 2656 2670 2695 
11750170 24 56 57 129 134 142 196 222 225 252 319 357 399 428 429 462 478 516 550 669 700 734 794 836 881 901 931 945 1030 1040 1043 1145 1153 1156 1157 1195 1213 1230 1237 1241 1275 1287 1326 1373 1384 1403 1406 1413 1420 1427 1428 1440 1450 1453 1459 1465 1502 1539 1549 1596 1606 1714 1789 1827 1879 1883 1901 1942 1943 1953 1978 2004 2024 2070 2099 2111 2140 2142 2153 2175 2188 2206 2221 2236 2247 2309 2321 2359 2447 2473 2558 2566 2593 2632 2637 
21026620 9 15 107 124 138 149 150 155 163 173 200 203 204 210 219 236 247 296 306 318 341 344 358 375 406 418 436 457 460 494 500 512 519 539 567 570 580 621 644 658 661 692 742 750 796 810 812 818 820 829 834 844 852 859 862 863 866 868 879 886 893 926 944 993 1009 1011 1012 1019 1025 1037 1104 1141 1161 1164 1165 1174 1189 1204 1235 1240 1244 1256 1262 1263 1284 1297 1314 1318 1327 1338 1370 1371 1387 1402 1412 1419 1421 1432 1456 1466 1467 1505 1591 1611 1621 1630 1639 1647 1738 1739 1742 1797 1799 1805 1810 1840 1860 1864 1872 1897 1902 1909 1938 1964 1977 1979 1997 1998 2003 2013 2015 2031 2049 2066 2071 2076 2144 2150 2166 2179 2184 2214 2242 2254 2257 2260 2276 2280 2282 2293 2304 2320 2336 2338 2339 2348 2371 2386 2397 2472 2492 2536 2551 2553 2592 2620 2633 2634 2657 2660 
8905392 1 33 106 110 116 141 206 211 218 350 384 447 540 546 687 690 788 797 894 929 995 1062 1088 1093 1158 1169 1180 1222 1224 1245 1274 1288 1305 1311 1322 1415 1499 1501 1536 1548 1589 1712 1759 1791 1795 1818 1824 1941 1950 2001 2007 2029 2121 2191 2193 2201 2203 2232 2237 2258 2274 2333 2379 2494 2502 2541 2543 2559 2585 2611 2622 2652 
14594948 7 8 18 43 85 127 169 172 176 183 207 216 221 228 272 320 369 372 380 413 431 473 490 504 511 522 547 556 638 639 680 688 726 737 767 840 841 858 903 916 994 1097 1106 1110 1123 1126 1139 1154 1167 1176 1188 1193 1206 1250 1286 1291 1411 1417 1425 1443 1454 1472 1487 1517 1580 1582 1585 1643 1655 1687 1692 1713 1723 1726 1729 1757 1832 1842 1888 1889 1893 1895 1926 1932 1946 1965 1980 2008 2034 2061 2125 2128 2181 2198 2207 2233 2251 2290 2299 2301 2332 2346 2356 2369 2391 2416 2435 2475 2483 2486 2497 2499 2501 2528 2550 2554 2575 2685 
65677266 3 6 13 20 31 36 38 44 48 49 60 69 70 72 73 76 81 87 117 128 157 171 177 178 180 184 194 198 209 212 220 229 231 232 237 238 239 244 245 246 249 255 261 265 269 270 271 289 294 295 302 314 315 317 324 325 326 328 330 340 342 352 356 363 383 390 403 405 407 414 430 434 448 449 452 455 459 461 464 470 474 479 487 492 495 496 499 503 513 524 530 531 534 536 537 545 548 552 559 562 564 565 577 579 581 584 587 589 595 597 598 608 612 615 623 625 626 628 632 636 640 647 655 662 665 667 674 681 682 684 685 699 712 717 718 725 728 732 733 735 739 740 744 745 747 748 751 756 758 762 766 768 770 771 776 782 783 785 786 787 790 800 803 807 821 828 831 832 835 845 846 848 850 867 878 888 890 891 897 899 910 912 917 919 922 923 925 932 933 938 940 941 951 958 963 964 967 968 977 980 985 987 1003 1006 1022 1023 1024 1028 1046 1050 1059 1060 1061 1065 1075 1077 1080 1082 1085 1090 1102 1111 1122 1130 1138 1140 1146 1151 1152 1155 1159 1166 1168 1170 1183 1186 1190 1196 1200 1201 1202 1209 1211 1215 1216 1221 1228 1229 1231 1233 1238 1243 1248 1251 1253 1255 1259 1266 1267 1268 1270 1271 1279 1283 1285 1290 1298 1301 1310 1315 1317 1329 1330 1333 1335 1350 1353 1354 1356 1358 1362 1363 1366 1374 1379 1388 1389 1393 1394 1395 1400 1401 1404 1422 1426 1436 1437 1447 1448 1455 1458 1464 1470 1471 1473 1475 1476 1479 1480 1482 1483 1491 1494 1503 1511 1512 1514 1525 1526 1531 1537 1555 1559 1560 1561 1564 1570 1581 1592 1593 1594 1595 1600 1610 1618 1631 1633 1636 1640 1649 1654 1658 1661 1662 1665 1676 1684 1685 1690 1691 1693 1700 1701 1703 1706 1711 1715 1719 1728 1730 1736 1741 1745 1761 1766 1778 1783 1787 1792 1794 1798 1801 1813 1816 1822 1823 1826 1834 1838 1845 1849 1855 1856 1857 1858 1859 1865 1868 1870 1875 1880 1882 1886 1887 1890 1894 1899 1911 1920 1925 1933 1936 1939 1944 1960 1962 1990 1999 2000 2030 2032 2035 2042 2045 2052 2053 2055 2057 2069 2077 2079 2080 2089 2090 2102 2107 2110 2114 2115 2117 2122 2124 2127 2138 2141 2155 2157 2160 2163 2171 2173 2187 2197 2202 2208 2210 2219 2222 2230 2244 2246 2262 2279 2284 2286 2295 2298 2306 2310 2313 2318 2325 2327 2330 2331 2334 2337 2342 2343 2344 2349 2364 2366 2370 2381 2388 2399 2401 2405 2407 2410 2411 2414 2423 2427 2431 2441 2446 2448 2453 2454 2456 2457 2462 2479 2488 2504 2505 2508 2510 2518 2524 2529 2531 2532 2538 2552 2555 2561 2574 2579 2582 2591 2597 2598 2605 2606 2609 2614 2627 2628 2630 2638 2639 2643 2645 2659 2665 2674 2675 2689 
18923958 5 42 65 74 77 104 108 133 146 147 154 162 192 193 201 205 217 274 279 292 297 309 310 333 339 346 373 374 385 401 433 445 468 472 502 509 532 544 572 592 607 650 689 696 704 709 729 731 749 761 823 833 856 880 905 907 921 928 969 970 984 998 1010 1120 1148 1149 1177 1219 1258 1260 1264 1277 1292 1294 1299 1303 1324 1337 1343 1344 1386 1405 1468 1500 1523 1527 1532 1557 1586 1599 1603 1646 1695 1698 1710 1722 1743 1744 1748 1772 1776 1825 1844 1853 1867 1876 1885 1900 1937 1959 1961 1993 2023 2037 2047 2051 2064 2067 2095 2098 2118 2146 2152 2172 2177 2192 2199 2216 2234 2235 2263 2278 2296 2323 2335 2352 2367 2428 2451 2455 2476 2482 2509 2515 2520 2521 2567 2581 2619 2623 2641 2646 2677 
20779248 10 29 32 40 52 54 55 66 68 119 122 140 187 190 214 241 248 264 268 283 303 311 338 370 382 417 427 441 458 466 483 493 541 542 554 558 583 624 635 646 649 659 683 698 753 764 774 777 784 789 791 808 817 838 849 889 898 934 962 971 988 990 1007 1035 1047 1066 1071 1073 1089 1117 1119 1132 1181 1208 1210 1252 1257 1276 1316 1328 1334 1360 1361 1372 1375 1380 1397 1431 1451 1481 1484 1497 1498 1506 1518 1540 1541 1579 1583 1624 1644 1657 1669 1677 1688 1708 1749 1754 1782 1802 1874 1891 1905 1924 1975 1989 2019 2026 2041 2059 2072 2106 2130 2132 2139 2143 2148 2194 2223 2238 2239 2241 2248 2253 2261 2283 2289 2291 2303 2308 2311 2324 2340 2372 2389 2390 2418 2424 2438 2440 2452 2458 2471 2480 2522 2534 2537 2540 2548 2549 2573 2595 2626 2629 2647 2649 2661 2664 
8781706 16 53 91 105 130 132 202 281 299 391 395 651 663 672 673 676 695 780 805 857 873 887 948 983 1026 1045 1144 1194 1312 1325 1340 1376 1418 1486 1492 1529 1572 1590 1605 1620 1679 1681 1682 1697 1709 1762 1780 1786 1814 1863 1951 2006 2050 2112 2145 2164 2231 2271 2365 2374 2393 2417 2420 2421 2485 2490 2547 2569 2599 2603 2604 
7297474 113 166 181 253 260 280 287 336 367 381 450 486 557 591 593 643 705 759 781 861 954 965 1191 1192 1331 1345 1377 1489 1516 1543 1556 1623 1756 1770 1781 1815 1837 1877 1878 1928 2014 2056 2084 2154 2178 2213 2361 2368 2404 2415 2450 2525 2563 2565 2587 2610 2655 2690 2692 
76809006 12 16 24 27 28 30 38 41 45 46 47 49 51 56 63 64 67 71 78 80 82 90 91 94 100 112 120 123 129 134 135 136 143 152 156 158 160 161 174 175 182 189 196 206 212 215 222 227 231 232 233 234 235 237 242 246 252 257 259 270 271 281 286 288 301 307 308 316 319 337 342 343 349 353 354 355 359 360 366 367 368 378 379 386 393 394 395 396 399 404 408 409 419 422 428 429 430 447 451 462 463 465 469 471 473 475 476 477 478 481 482 488 489 497 498 505 507 508 510 513 525 529 535 543 549 551 555 560 568 569 571 573 575 577 578 586 597 599 609 611 616 617 619 622 623 625 626 627 631 633 637 657 662 667 668 676 691 700 702 703 705 706 707 708 714 718 722 724 739 744 755 757 768 769 772 773 782 792 799 800 802 806 814 819 830 836 839 842 843 854 855 860 865 870 873 876 877 881 883 895 896 899 900 901 906 912 913 920 933 937 949 953 955 957 959 960 963 968 976 985 986 992 999 1000 1003 1004 1006 1008 1014 1015 1022 1024 1027 1029 1030 1033 1034 1036 1040 1044 1046 1051 1058 1068 1083 1085 1092 1094 1101 1102 1107 1108 1112 1113 1116 1118 1122 1125 1127 1130 1133 1145 1150 1153 1155 1156 1158 1162 1169 1173 1188 1191 1195 1199 1200 1207 1214 1230 1233 1234 1237 1239 1241 1245 1246 1251 1255 1261 1265 1269 1272 1273 1275 1285 1287 1295 1304 1306 1307 1312 1329 1335 1341 1345 1346 1349 1351 1354 1357 1365 1368 1370 1378 1382 1384 1385 1389 1391 1399 1400 1403 1406 1408 1409 1416 1427 1435 1439 1440 1441 1446 1449 1453 1455 1462 1463 1464 1465 1469 1473 1474 1475 1476 1478 1486 1496 1504 1508 1515 1522 1528 1529 1530 1531 1534 1535 1536 1550 1552 1553 1559 1562 1563 1568 1569 1574 1575 1596 1597 1600 1602 1606 1607 1608 1614 1616 1619 1627 1633 1635 1637 1638 1641 1645 1653 1661 1663 1665 1666 1667 1671 1680 1683 1701 1714 1716 1717 1718 1720 1721 1725 1727 1731 1732 1734 1737 1745 1746 1753 1755 1760 1763 1766 1767 1769 1771 1773 1777 1785 1790 1791 1795 1798 1800 1804 1806 1811 1818 1830 1831 1843 1850 1854 1862 1879 1882 1883 1884 1886 1893 1896 1898 1901 1903 1910 1912 1913 1914 1915 1917 1922 1927 1936 1942 1943 1948 1953 1958 1960 1970 1974 1976 1978 1982 1988 1990 1992 1995 2001 2002 2006 2009 2010 2016 2017 2018 2020 2024 2028 2030 2038 2040 2043 2044 2050 2053 2057 2062 2063 2065 2070 2074 2086 2088 2091 2099 2105 2108 2111 2115 2116 2119 2126 2129 2133 2137 2138 2142 2153 2160 2167 2168 2171 2176 2182 2185 2186 2187 2195 2196 2200 2217 2225 2227 2231 2236 2243 2256 2259 2265 2270 2273 2277 2279 2284 2287 2297 2302 2307 2309 2312 2316 2319 2347 2351 2357 2359 2361 2362 2370 2382 2383 2388 2392 2393 2395 2396 2400 2402 2408 2413 2417 2420 2429 2432 2433 2434 2436 2443 2444 2456 2457 2463 2473 2477 2481 2484 2490 2491 2495 2512 2513 2514 2517 2526 2527 2531 2532 2533 2535 2539 2556 2566 2568 2569 2570 2572 2582 2585 2593 2599 2600 2601 2604 2609 2611 2616 2622 2625 2630 2632 2635 2650 2652 2656 2662 2668 2670 2679 2684 2695 
64687778 3 6 13 20 31 36 44 48 57 60 69 70 72 73 76 81 87 106 115 117 128 137 141 142 145 157 171 177 178 180 184 194 198 225 229 239 244 245 249 255 261 265 269 289 294 295 302 304 314 315 317 324 325 326 328 330 340 352 357 363 383 390 403 405 407 412 414 425 434 442 446 448 449 452 455 459 461 464 470 474 479 484 486 487 492 495 496 499 503 506 514 524 530 531 534 536 537 540 545 548 550 552 559 562 564 565 579 581 584 587 589 595 598 608 612 615 628 632 636 640 647 665 669 674 681 682 684 685 690 699 712 717 725 728 732 733 734 735 737 740 745 747 748 751 756 758 762 766 770 771 776 783 785 786 787 790 794 803 807 821 828 831 832 835 841 845 846 850 853 858 861 867 878 888 890 891 897 904 908 910 917 919 922 923 925 931 932 938 940 941 945 951 958 964 967 977 979 980 987 995 1023 1028 1043 1050 1055 1059 1060 1065 1075 1077 1080 1082 1090 1111 1123 1138 1140 1146 1151 1152 1157 1159 1166 1168 1170 1183 1186 1190 1196 1197 1201 1202 1209 1211 1213 1215 1216 1221 1224 1228 1229 1231 1243 1248 1259 1266 1267 1268 1270 1271 1279 1282 1283 1290 1298 1301 1310 1315 1317 1326 1330 1333 1336 1350 1353 1355 1356 1358 1363 1366 1373 1374 1379 1390 1393 1394 1395 1401 1404 1411 1413 1420 1422 1426 1430 1436 1437 1444 1447 1448 1450 1458 1459 1470 1471 1477 1479 1480 1482 1483 1491 1494 1502 1503 1511 1512 1514 1525 1526 1537 1539 1549 1555 1560 1561 1564 1570 1581 1592 1593 1594 1595 1610 1618 1628 1631 1636 1649 1654 1658 1662 1676 1684 1685 1686 1690 1691 1693 1700 1703 1704 1706 1711 1712 1715 1719 1724 1728 1730 1736 1741 1750 1752 1761 1765 1775 1778 1783 1787 1789 1792 1794 1801 1813 1816 1822 1823 1826 1827 1834 1838 1845 1849 1855 1856 1857 1858 1859 1865 1868 1870 1875 1878 1880 1887 1890 1892 1894 1899 1911 1920 1925 1933 1934 1939 1944 1950 1962 1999 2000 2004 2011 2032 2035 2042 2045 2055 2069 2077 2079 2080 2089 2090 2101 2102 2107 2110 2114 2117 2122 2124 2127 2140 2141 2147 2154 2155 2157 2162 2163 2173 2175 2188 2197 2202 2206 2208 2210 2219 2221 2222 2226 2230 2244 2246 2247 2262 2295 2298 2306 2310 2313 2318 2321 2325 2330 2331 2334 2337 2342 2343 2344 2348 2349 2364 2366 2369 2381 2399 2401 2404 2405 2407 2410 2411 2414 2415 2423 2426 2427 2431 2441 2446 2447 2448 2453 2454 2462 2479 2488 2504 2505 2508 2510 2518 2524 2529 2538 2552 2555 2558 2561 2574 2579 2591 2597 2598 2605 2606 2607 2614 2627 2628 2637 2638 2639 2643 2645 2659 2665 2674 2675 2689 
59616652 14 17 19 25 35 37 39 50 53 59 61 62 83 84 86 88 95 98 99 101 102 105 114 118 125 130 131 153 159 164 168 179 191 195 202 208 213 223 224 230 243 251 254 256 263 275 276 277 278 293 299 300 312 321 329 331 332 334 345 348 351 362 364 365 377 389 392 397 400 410 411 416 423 426 437 438 443 444 454 456 480 485 515 518 520 527 528 553 561 563 566 576 588 590 594 596 600 601 604 605 606 613 614 618 620 629 630 634 641 648 656 664 670 671 672 673 677 678 679 686 710 715 719 720 721 738 741 743 746 752 760 763 765 775 793 798 801 804 805 808 809 811 813 825 826 827 837 838 847 851 875 887 909 911 914 915 918 924 927 930 939 952 956 961 972 973 974 989 991 996 1001 1002 1017 1018 1020 1021 1031 1032 1038 1039 1041 1045 1048 1049 1054 1056 1064 1069 1070 1071 1074 1078 1079 1087 1091 1095 1096 1099 1100 1105 1109 1121 1124 1129 1135 1136 1137 1144 1160 1163 1171 1175 1178 1182 1185 1187 1205 1212 1220 1225 1226 1232 1236 1247 1249 1254 1257 1278 1280 1281 1289 1293 1296 1302 1308 1313 1319 1320 1321 1325 1340 1342 1347 1348 1352 1359 1360 1364 1367 1369 1376 1381 1383 1392 1407 1410 1414 1424 1429 1433 1434 1445 1485 1490 1492 1495 1507 1509 1510 1513 1519 1524 1544 1545 1546 1551 1558 1565 1571 1573 1578 1584 1587 1598 1601 1604 1605 1620 1622 1625 1626 1629 1634 1640 1642 1648 1652 1659 1660 1664 1668 1670 1679 1681 1682 1688 1689 1696 1697 1699 1702 1705 1733 1740 1747 1758 1764 1768 1780 1784 1788 1796 1803 1807 1808 1809 1812 1814 1817 1819 1821 1829 1835 1836 1839 1841 1848 1851 1852 1863 1866 1869 1881 1904 1907 1908 1916 1921 1923 1930 1945 1947 1949 1951 1954 1955 1957 1963 1966 1972 1973 1981 1983 1985 1987 1991 1994 1996 2005 2021 2022 2027 2036 2058 2068 2073 2075 2082 2083 2087 2092 2094 2096 2100 2103 2104 2109 2120 2123 2134 2135 2136 2143 2158 2161 2165 2169 2183 2204 2215 2224 2228 2240 2249 2250 2255 2267 2269 2271 2275 2281 2285 2288 2305 2308 2314 2322 2326 2329 2341 2350 2353 2355 2373 2375 2376 2377 2378 2384 2385 2387 2403 2406 2412 2419 2421 2422 2430 2449 2467 2468 2469 2474 2485 2489 2493 2503 2507 2511 2516 2519 2545 2546 2547 2557 2562 2564 2571 2573 2578 2584 2588 2594 2596 2602 2608 2613 2615 2617 2621 2624 2631 2640 2654 2658 2663 2666 2680 2682 2683 2687 2691 
44279588 1 7 8 9 15 18 33 42 43 85 107 108 110 116 124 127 138 146 149 150 155 163 169 172 173 176 183 193 200 203 204 207 209 210 211 216 218 219 220 221 228 236 238 247 272 284 292 296 306 318 320 341 344 350 356 358 369 372 375 380 384 406 413 418 431 436 457 460 490 494 500 504 511 512 516 519 522 539 546 547 556 567 570 572 580 592 621 638 639 644 655 658 661 680 687 688 692 726 742 750 767 788 796 797 810 812 818 820 829 834 840 848 852 856 857 859 862 863 866 868 879 880 886 893 894 903 916 926 929 944 948 993 994 1009 1011 1012 1019 1025 1037 1061 1062 1088 1093 1097 1104 1106 1110 1126 1139 1141 1154 1161 1164 1165 1167 1174 1176 1180 1189 1193 1204 1206 1222 1235 1238 1240 1244 1250 1253 1256 1262 1263 1264 1274 1284 1286 1288 1291 1297 1305 1311 1314 1322 1327 1338 1362 1371 1387 1388 1402 1412 1415 1417 1418 1419 1421 1425 1428 1432 1443 1454 1456 1466 1467 1472 1487 1499 1501 1505 1517 1548 1580 1582 1585 1589 1591 1611 1621 1630 1639 1643 1647 1655 1687 1692 1710 1713 1723 1726 1729 1738 1739 1742 1757 1759 1797 1799 1805 1810 1824 1832 1840 1842 1860 1864 1872 1888 1889 1895 1897 1900 1902 1909 1926 1932 1938 1941 1946 1959 1961 1964 1965 1977 1979 1980 1997 1998 2003 2007 2008 2013 2015 2029 2031 2034 2047 2049 2052 2061 2071 2076 2121 2125 2128 2144 2146 2150 2179 2181 2184 2191 2193 2198 2201 2203 2207 2214 2232 2233 2237 2242 2251 2252 2254 2257 2258 2274 2280 2282 2286 2290 2293 2299 2301 2304 2320 2327 2332 2333 2336 2338 2339 2346 2356 2371 2379 2386 2391 2397 2416 2435 2472 2475 2483 2486 2492 2494 2497 2499 2501 2502 2528 2536 2541 2543 2550 2551 2553 2554 2559 2575 2592 2620 2633 2634 2657 2660 2685 
43290100 2 11 21 22 23 26 34 58 75 79 89 92 93 96 97 109 111 121 126 132 139 144 148 151 165 167 170 185 186 188 197 199 226 240 250 258 260 262 266 267 282 285 290 291 298 305 313 322 323 327 335 347 361 371 376 387 388 398 402 415 420 421 424 432 435 439 440 453 467 491 501 517 521 526 533 538 574 582 585 602 603 610 642 645 651 652 653 654 660 663 666 675 693 694 695 697 701 711 713 716 723 727 730 754 778 779 780 795 815 816 822 824 844 864 869 871 872 874 882 884 885 892 902 935 936 942 943 946 947 950 966 975 978 981 983 997 1005 1013 1016 1026 1042 1052 1053 1057 1063 1067 1072 1076 1081 1084 1086 1098 1103 1114 1115 1128 1131 1134 1142 1143 1147 1172 1179 1184 1194 1198 1203 1217 1218 1223 1227 1242 1300 1309 1323 1331 1332 1339 1396 1398 1423 1438 1442 1452 1460 1461 1488 1493 1520 1521 1533 1538 1542 1547 1554 1566 1567 1572 1576 1577 1588 1590 1609 1612 1613 1615 1617 1650 1651 1656 1672 1673 1674 1675 1678 1707 1709 1735 1751 1762 1774 1779 1786 1793 1820 1828 1833 1846 1847 1861 1871 1873 1906 1918 1919 1929 1931 1935 1940 1952 1956 1967 1968 1969 1971 1984 1986 2012 2025 2033 2039 2046 2048 2054 2060 2078 2081 2085 2093 2097 2112 2113 2131 2145 2149 2151 2156 2159 2164 2170 2174 2178 2180 2189 2190 2205 2209 2211 2212 2218 2220 2229 2245 2264 2266 2268 2272 2292 2294 2300 2315 2317 2328 2345 2354 2358 2360 2363 2365 2374 2380 2394 2398 2409 2425 2437 2439 2442 2445 2459 2460 2461 2464 2465 2466 2470 2478 2496 2498 2500 2506 2523 2530 2542 2544 2560 2576 2580 2583 2586 2589 2590 2612 2618 2644 2648 2651 2653 2667 2671 2672 2673 2676 2678 2686 2688 2690 2692 2693 2694 
20902934 4 10 29 32 40 52 54 55 66 68 119 122 140 187 190 214 241 248 264 268 283 303 311 338 370 382 391 417 427 441 458 466 483 493 523 541 542 554 558 583 624 635 646 649 659 683 698 753 764 774 777 784 789 791 817 849 889 898 934 962 971 982 988 990 1007 1035 1047 1066 1073 1089 1117 1119 1132 1181 1208 1210 1252 1276 1316 1328 1334 1361 1372 1375 1380 1397 1431 1451 1481 1484 1497 1498 1506 1518 1540 1541 1579 1583 1624 1644 1657 1669 1677 1708 1749 1754 1782 1802 1874 1891 1905 1924 1975 1989 2019 2026 2041 2059 2072 2106 2130 2132 2139 2148 2194 2223 2238 2239 2241 2248 2253 2261 2283 2289 2291 2303 2311 2324 2340 2372 2389 2390 2418 2424 2438 2440 2452 2458 2471 2480 2487 2522 2534 2537 2540 2548 2549 2577 2595 2603 2626 2629 2636 2642 2647 2649 2661 2664 2669 
17810784 5 65 74 77 104 133 147 154 162 192 201 205 217 274 279 297 309 310 333 339 346 373 374 385 401 433 445 468 472 502 509 532 544 607 650 689 696 704 709 729 731 749 761 823 833 905 907 921 928 954 969 970 984 998 1010 1120 1148 1149 1177 1219 1258 1260 1277 1292 1294 1299 1303 1318 1324 1337 1343 1344 1386 1405 1468 1500 1523 1527 1532 1557 1586 1599 1603 1646 1695 1698 1722 1743 1744 1748 1756 1772 1776 1825 1844 1853 1867 1876 1885 1937 1993 2023 2037 2051 2064 2066 2067 2095 2098 2118 2152 2166 2172 2177 2192 2199 2216 2234 2235 2260 2263 2276 2278 2296 2323 2335 2352 2367 2428 2451 2455 2476 2482 2509 2515 2520 2521 2567 2581 2619 2623 2641 2646 2677 
4081638 103 113 166 181 287 336 381 450 591 593 736 781 965 1192 1377 1489 1516 1543 1632 1694 1781 1837 1928 2056 2213 2368 2450 2525 2565 2587 2610 2655 2681 
1855290 253 273 280 557 643 759 1457 1556 1623 1770 1815 1877 2014 2084 2563 
84724910 4 10 14 17 19 25 29 32 35 37 39 40 50 52 53 54 55 59 61 62 66 68 83 84 86 88 95 98 99 101 102 103 105 113 114 118 119 122 125 130 131 140 153 159 164 166 168 179 181 187 190 191 195 202 208 213 214 223 224 230 241 243 248 251 254 256 263 264 268 273 275 276 277 278 283 287 293 299 300 303 311 312 321 329 331 332 334 336 338 345 348 351 362 364 365 370 377 381 382 389 391 392 397 400 410 411 416 417 423 426 427 437 438 441 443 444 450 454 456 458 466 480 483 485 493 515 518 520 523 527 528 541 542 553 554 558 561 563 566 576 583 588 590 591 593 594 596 600 601 604 605 606 613 614 618 620 624 629 630 634 635 641 646 648 649 656 659 664 670 671 672 673 677 678 679 683 686 698 710 715 719 720 721 736 738 741 743 746 752 753 760 763 764 765 774 775 777 781 784 789 791 793 798 801 804 805 808 809 811 813 817 825 826 827 837 838 847 849 851 875 887 889 898 909 911 914 915 918 924 927 930 934 939 952 956 961 962 965 971 972 973 974 982 988 989 990 991 996 1001 1002 1007 1017 1018 1020 1021 1031 1032 1035 1038 1039 1041 1045 1047 1048 1049 1054 1056 1064 1066 1069 1070 1071 1073 1074 1078 1079 1087 1089 1091 1095 1096 1099 1100 1105 1109 1117 1119 1121 1124 1129 1132 1135 1136 1137 1144 1160 1163 1171 1175 1178 1181 1182 1185 1187 1192 1205 1208 1210 1212 1220 1225 1226 1232 1236 1247 1249 1252 1254 1257 1276 1278 1280 1281 1289 1293 1296 1302 1308 1313 1316 1319 1320 1321 1325 1328 1334 1340 1342 1347 1348 1352 1359 1360 1361 1364 1367 1369 1372 1375 1376 1377 1380 1381 1383 1392 1397 1407 1410 1414 1424 1429 1431 1433 1434 1445 1451 1457 1481 1484 1485 1489 1490 1492 1495 1497 1498 1506 1507 1509 1510 1513 1516 1518 1519 1524 1540 1541 1543 1544 1545 1546 1551 1558 1565 1571 1573 1578 1579 1583 1584 1587 1598 1601 1604 1605 1620 1622 1624 1625 1626 1629 1632 1634 1640 1642 1644 1648 1652 1657 1659 1660 1664 1668 1669 1670 1677 1679 1681 1682 1688 1689 1694 1696 1697 1699 1702 1705 1708 1733 1740 1747 1749 1754 1758 1764 1768 1780 1781 1782 1784 1788 1796 1802 1803 1807 1808 1809 1812 1814 1817 1819 1821 1829 1835 1836 1837 1839 1841 1848 1851 1852 1863 1866 1869 1874 1881 1891 1904 1905 1907 1908 1916 1921 1923 1924 1928 1930 1945 1947 1949 1951 1954 1955 1957 1963 1966 1972 1973 1975 1981 1983 1985 1987 1989 1991 1994 1996 2005 2019 2021 2022 2026 2027 2036 2041 2056 2058 2059 2068 2072 2073 2075 2082 2083 2087 2092 2094 2096 2100 2103 2104 2106 2109 2120 2123 2130 2132 2134 2135 2136 2139 2143 2148 2158 2161 2165 2169 2183 2194 2204 2215 2223 2224 2228 2238 2239 2240 2241 2248 2249 2250 2253 2255 2261 2267 2269 2271 2275 2281 2283 2285 2288 2289 2291 2303 2305 2308 2311 2314 2322 2324 2326 2329 2340 2341 2350 2353 2355 2368 2372 2373 2375 2376 2377 2378 2384 2385 2387 2389 2390 2403 2406 2412 2418 2419 2421 2422 2424 2430 2438 2440 2449 2450 2452 2458 2467 2468 2469 2471 2474 2480 2485 2487 2489 2493 2503 2507 2511 2516 2519 2522 2525 2534 2537 2540 2545 2546 2547 2548 2549 2557 2562 2564 2565 2571 2573 2577 2578 2584 2587 2588 2594 2595 2596 2602 2603 2608 2610 2613 2615 2617 2621 2624 2626 2629 2631 2636 2640 2642 2647 2649 2654 2655 2658 2661 2663 2664 2666 2669 2680 2681 2682 2683 2687 2691 
131478218 3 6 12 13 20 27 28 30 31 36 38 41 44 45 46 47 48 49 51 56 57 60 63 64 67 69 70 71 72 73 76 78 80 81 82 87 90 94 100 112 115 117 120 123 128 134 135 136 137 141 142 143 145 152 156 157 158 160 161 171 174 175 177 178 180 182 184 189 194 198 206 212 215 220 225 227 229 231 233 234 235 239 242 244 245 246 249 255 257 259 261 265 269 270 271 284 286 288 289 291 294 295 301 302 304 307 308 314 315 316 324 325 326 328 330 337 340 342 343 349 350 352 353 354 355 357 359 360 363 367 368 378 379 383 386 390 393 396 399 403 404 405 407 409 412 414 419 422 425 428 429 430 434 436 442 446 448 449 451 452 455 459 461 462 463 464 465 469 470 471 474 475 476 477 478 479 481 482 484 486 487 489 492 495 496 497 498 499 503 505 506 508 510 514 516 524 525 530 531 534 535 536 537 543 545 548 549 550 551 552 555 559 562 564 565 568 571 573 575 577 578 579 581 584 586 587 589 595 597 598 599 608 609 611 612 615 616 617 619 622 623 626 627 628 631 632 633 636 637 640 647 655 657 662 665 668 669 674 681 682 684 685 690 691 699 700 702 703 705 706 707 708 712 714 717 718 722 724 725 728 732 733 734 735 739 740 744 745 747 748 751 755 756 757 758 762 766 768 769 770 771 772 773 776 783 785 786 787 790 792 794 799 800 802 803 806 807 814 819 821 828 830 831 832 835 839 841 842 843 845 846 848 850 853 854 855 858 860 861 865 867 870 876 877 878 883 888 890 891 895 896 897 899 900 901 904 906 908 910 912 913 917 919 920 922 923 925 931 932 937 938 940 941 945 949 951 953 955 957 958 959 960 963 964 967 968 976 977 979 980 985 986 987 992 995 999 1000 1004 1006 1008 1014 1015 1022 1023 1024 1027 1028 1029 1030 1033 1034 1036 1040 1043 1044 1050 1051 1055 1058 1059 1060 1061 1065 1068 1077 1080 1082 1083 1085 1090 1092 1094 1101 1102 1107 1108 1111 1112 1113 1116 1118 1122 1123 1125 1127 1130 1133 1138 1140 1145 1146 1150 1151 1152 1155 1157 1159 1162 1166 1169 1170 1186 1188 1190 1191 1196 1197 1199 1200 1201 1202 1204 1207 1209 1211 1213 1214 1215 1216 1221 1228 1229 1230 1231 1233 1234 1238 1239 1243 1246 1248 1251 1255 1259 1261 1265 1267 1268 1270 1271 1272 1273 1275 1279 1282 1283 1285 1290 1295 1298 1301 1304 1306 1307 1310 1315 1317 1326 1329 1330 1333 1335 1336 1341 1345 1346 1349 1350 1351 1353 1354 1356 1357 1358 1363 1365 1366 1368 1373 1374 1378 1379 1382 1385 1389 1390 1391 1393 1394 1395 1399 1400 1401 1403 1404 1406 1408 1409 1411 1413 1416 1420 1426 1427 1430 1435 1436 1437 1439 1441 1444 1446 1447 1448 1449 1450 1455 1458 1459 1462 1464 1465 1469 1470 1471 1473 1474 1475 1476 1477 1478 1479 1480 1482 1483 1491 1494 1496 1502 1503 1504 1508 1511 1512 1514 1515 1522 1525 1526 1528 1530 1531 1534 1535 1536 1537 1539 1549 1550 1552 1553 1555 1559 1560 1561 1562 1563 1564 1568 1569 1570 1574 1575 1581 1592 1593 1594 1595 1596 1597 1600 1602 1607 1608 1610 1614 1616 1618 1619 1627 1628 1631 1633 1635 1636 1637 1638 1641 1645 1653 1654 1658 1661 1662 1663 1665 1666 1667 1671 1676 1680 1683 1684 1685 1686 1690 1691 1693 1700 1701 1703 1704 1706 1711 1712 1714 1715 1716 1717 1718 1719 1720 1721 1724 1725 1727 1728 1730 1731 1732 1734 1736 1737 1741 1745 1746 1750 1752 1753 1755 1760 1761 1763 1765 1766 1767 1769 1770 1771 1773 1775 1777 1778 1783 1785 1787 1789 1790 1792 1794 1798 1800 1801 1804 1806 1811 1813 1816 1818 1822 1823 1826 1827 1830 1831 1834 1838 1843 1845 1849 1850 1854 1855 1856 1857 1858 1859 1862 1865 1868 1870 1875 1878 1880 1882 1884 1886 1887 1890 1892 1894 1896 1898 1899 1901 1903 1910 1911 1912 1914 1915 1917 1920 1922 1925 1927 1932 1933 1934 1936 1939 1941 1942 1943 1944 1948 1950 1953 1958 1960 1962 1970 1974 1976 1978 1982 1988 1990 1992 1995 1999 2000 2002 2004 2009 2010 2011 2016 2017 2018 2020 2024 2028 2030 2032 2035 2038 2040 2042 2043 2044 2045 2053 2055 2062 2063 2065 2069 2074 2077 2079 2080 2086 2088 2089 2090 2091 2101 2102 2105 2108 2110 2111 2114 2115 2116 2117 2119 2121 2122 2124 2126 2129 2133 2137 2138 2140 2141 2142 2147 2154 2155 2157 2162 2163 2167 2168 2171 2173 2175 2176 2182 2185 2186 2187 2188 2195 2196 2197 2198 2200 2201 2202 2206 2210 2217 2219 2221 2222 2225 2226 2227 2230 2236 2243 2244 2246 2247 2259 2262 2265 2270 2273 2277 2279 2284 2286 2287 2295 2297 2298 2302 2306 2307 2309 2310 2312 2313 2316 2318 2319 2321 2325 2330 2331 2334 2337 2342 2343 2344 2347 2349 2351 2357 2359 2361 2362 2364 2366 2369 2370 2381 2382 2383 2388 2392 2395 2396 2399 2400 2401 2402 2404 2405 2407 2408 2410 2411 2413 2414 2415 2423 2426 2427 2429 2431 2432 2433 2434 2436 2441 2443 2444 2446 2447 2448 2453 2454 2456 2457 2462 2463 2473 2477 2479 2484 2488 2491 2495 2504 2505 2508 2510 2512 2513 2514 2517 2518 2524 2526 2527 2529 2533 2535 2538 2539 2552 2555 2556 2558 2561 2566 2568 2570 2572 2574 2579 2582 2591 2593 2597 2598 2600 2601 2605 2606 2607 2609 2614 2616 2625 2627 2630 2632 2635 2637 2638 2639 2643 2645 2650 2656 2659 2662 2665 2668 2670 2674 2675 2679 2684 2689 2695 
45763820 2 11 16 21 22 23 26 34 58 75 79 89 91 92 93 96 97 109 111 121 126 132 139 144 148 151 165 167 170 185 186 188 197 199 226 240 250 258 260 262 266 267 282 285 290 298 305 313 322 323 327 335 347 361 371 376 387 388 395 398 402 415 420 421 424 432 435 439 440 453 467 491 501 517 521 526 533 538 574 582 585 602 603 610 642 645 651 652 653 654 660 663 666 675 676 693 694 695 697 701 711 713 716 723 727 730 754 778 779 780 795 815 816 822 824 857 864 869 871 872 873 874 882 884 885 892 902 935 936 942 943 946 948 950 966 975 978 981 983 997 1005 1013 1016 1026 1042 1052 1053 1057 1063 1067 1072 1076 1081 1084 1086 1098 1103 1114 1115 1128 1131 1134 1142 1143 1147 1172 1179 1184 1194 1198 1203 1217 1218 1223 1227 1242 1300 1309 1312 1323 1331 1332 1339 1355 1396 1398 1418 1423 1438 1442 1452 1460 1461 1486 1488 1493 1520 1521 1529 1533 1538 1542 1547 1554 1566 1567 1572 1576 1577 1588 1590 1609 1612 1613 1615 1617 1650 1651 1656 1672 1673 1674 1675 1678 1707 1709 1735 1751 1762 1774 1779 1786 1793 1820 1828 1833 1846 1847 1861 1871 1873 1906 1918 1919 1929 1931 1935 1940 1952 1956 1967 1968 1969 1971 1984 1986 2006 2012 2025 2033 2039 2046 2048 2050 2054 2060 2078 2081 2093 2097 2112 2113 2131 2145 2149 2151 2156 2159 2164 2170 2174 2178 2180 2189 2190 2191 2205 2209 2211 2212 2213 2218 2220 2229 2231 2245 2264 2266 2268 2272 2292 2294 2300 2315 2317 2328 2345 2354 2358 2360 2363 2365 2374 2380 2393 2394 2398 2409 2417 2420 2425 2437 2439 2442 2445 2459 2460 2461 2464 2465 2466 2470 2478 2490 2496 2498 2500 2506 2523 2530 2542 2544 2560 2569 2576 2580 2583 2586 2589 2590 2599 2604 2612 2618 2644 2648 2651 2653 2667 2671 2672 2673 2676 2678 2686 2688 2690 2692 2693 2694 
71366822 1 5 7 8 9 15 18 24 33 42 43 65 74 77 85 104 106 107 108 110 116 124 127 129 133 138 146 147 149 150 154 155 162 163 169 172 173 176 183 192 193 196 200 201 203 204 205 207 209 210 211 216 217 218 219 221 222 228 232 236 237 238 247 252 253 272 274 279 280 281 292 296 297 306 309 310 317 318 319 320 333 339 341 344 346 356 358 366 369 372 373 374 375 380 384 385 394 401 406 408 413 418 431 433 445 447 457 460 468 472 473 488 490 494 500 502 504 507 509 511 512 513 519 522 529 532 539 540 544 546 547 556 557 560 567 569 570 572 580 592 607 621 625 638 639 643 644 650 658 661 667 680 687 688 689 692 696 704 709 726 729 731 737 742 749 750 759 761 767 782 788 796 797 810 812 818 820 823 829 833 834 836 840 844 852 856 859 862 863 866 868 879 880 881 886 893 894 903 905 907 916 921 926 928 929 933 944 947 954 969 970 984 993 994 998 1003 1009 1010 1011 1012 1019 1025 1037 1046 1062 1075 1088 1093 1097 1104 1106 1110 1120 1126 1139 1141 1148 1149 1153 1154 1156 1158 1161 1164 1165 1167 1168 1173 1174 1176 1177 1180 1183 1189 1193 1195 1206 1219 1222 1224 1235 1237 1240 1241 1244 1245 1250 1253 1256 1258 1260 1262 1263 1264 1266 1269 1274 1277 1284 1286 1287 1288 1291 1292 1294 1297 1299 1303 1305 1311 1314 1318 1322 1324 1327 1337 1338 1343 1344 1362 1370 1371 1384 1386 1387 1388 1402 1405 1412 1415 1417 1419 1421 1422 1425 1428 1432 1440 1443 1453 1454 1456 1463 1466 1467 1468 1472 1487 1499 1500 1501 1505 1517 1523 1527 1532 1548 1556 1557 1580 1582 1585 1586 1589 1591 1599 1603 1606 1611 1621 1623 1630 1639 1643 1646 1647 1649 1655 1687 1692 1695 1698 1710 1713 1722 1723 1726 1729 1738 1739 1742 1743 1744 1748 1756 1757 1759 1772 1776 1791 1795 1797 1799 1805 1810 1815 1824 1825 1832 1840 1842 1844 1853 1860 1864 1867 1872 1876 1877 1879 1883 1885 1888 1889 1893 1895 1897 1900 1902 1909 1913 1926 1937 1938 1946 1959 1961 1964 1965 1977 1979 1980 1993 1997 1998 2001 2003 2007 2008 2013 2014 2015 2023 2029 2031 2034 2037 2047 2049 2051 2052 2057 2061 2064 2066 2067 2070 2071 2076 2084 2085 2095 2098 2099 2107 2118 2125 2127 2128 2144 2146 2150 2152 2153 2160 2166 2172 2177 2179 2181 2184 2192 2193 2199 2203 2207 2208 2214 2216 2232 2233 2234 2235 2237 2242 2251 2252 2254 2256 2257 2258 2260 2263 2274 2276 2278 2280 2282 2290 2293 2296 2299 2301 2304 2320 2323 2327 2332 2333 2335 2336 2338 2339 2346 2348 2352 2356 2367 2371 2379 2386 2391 2397 2416 2428 2435 2451 2455 2472 2475 2476 2481 2482 2483 2486 2492 2494 2497 2499 2501 2502 2509 2515 2520 2521 2528 2531 2532 2536 2541 2543 2550 2551 2553 2554 2559 2563 2567 2575 2581 2585 2592 2611 2619 2620 2622 2623 2628 2633 2634 2641 2646 2652 2657 2660 2677 2685 
